AMBN : 0.0149417155955569 : 6.67894687121393 : 0.0093214019388516 : 4.16666666666667
USP46 : 0.0 : 0.0 : 0.0 : 0.0
COL1A1 : 0.00234551528236161 : 3.4338343733774 : 0.0014799635701275 : 2.16666666666667
ALB : 0.023684826550165 : 14.4240593690505 : 0.0142309797482211 : 8.66666666666667
AHSG : 0.0545962959499776 : 20.0368406136418 : 0.0340599455040872 : 12.5
FGB : 0.0264367616931693 : 12.9804499913461 : 0.0162932790224033 : 8.0
ENAM : 0.0408813156496278 : 46.6864624718749 : 0.0252481027437245 : 28.8333333333333
MMP20 : 0.0218356431013845 : 10.5466156179687 : 0.0134575569358178 : 6.5
ODAM : 0.0798636312239366 : 22.2819531114783 : 0.0495818399044205 : 13.8333333333333
AMELX : 0.00791490853130861 : 1.62255624891827 : 0.0048780487804878 : 1.0
H2BC3 : 0.00643871527348518 : 0.811278124459133 : 0.00396825396825397 : 0.5
AMTN : 0.0603482356200542 : 12.6127812445913 : 0.0374800637958533 : 7.83333333333333
H2BC9 : 0.0 : 0.0 : 0.0 : 0.0
AMELY : 0.0556759497177836 : 11.3578937424279 : 0.0343137254901961 : 7.0
COL1A2 : 0.00593907850994973 : 8.11278124459133 : 0.00366032210834553 : 5.0
COL17A1 : 0.0207473515752427 : 31.0172906049879 : 0.0128205128205128 : 19.1666666666667
FGG : 0.0435625643332764 : 19.0368406136418 : 0.0270785659801678 : 11.8333333333333
